# Created by Octave 6.4.0, Mon Feb 07 01:57:49 2022 GMT <unknown@DESKTOP-LHDG10R>
# name: M
# type: matrix
# rows: 4
# columns: 3
 1 2 3
 4 5 6
 7 8 9
 10 11 12


